简述
数独游戏是通过在9*9（大九宫格）的格子中空白的格子填写1-9中的任意一个数字，使得每一个行和每一列都由1-9这10个数字填满，并且在每3*3（小九宫格）的格子中同样也是由1-9这10个数组填满。即表示游戏完成。


分析游戏逻辑
1、游戏中的每个格子可能的数字有1-9
2、游戏开始显示的数字，通过一份完整的数独，将部分格子设为空白，得到游戏初始值
3、游戏中的每个空白格子可以填写的数字是：同一行未出现的数字，同一列未出现的数字，同一个3*3的九宫格中未出现的数字三部分的交集
4、游戏中的每个格子的三种状态：答案数字（即正确的数字），初始化数字（即游戏开始是数字，显示有数字或者空白），当前数字（即玩家填写前，后的数字）
5、游戏完成的条件是满足简述中说明的情况

游戏设计
1、绘制游戏界面，大九宫格和小九宫格，如上图，小九宫格用白色线条分割
2、游戏格子中数字绘制，且字体在格子中居中显示，初始值为黑色，填写值为蓝色（颜色仅为参考）
3、游戏交互事件处理，点击小格子，提示玩家选择填写的数字，并将选择的数字绘制到所点击的格子中
4、根据游戏完成的条件判断游戏是否完成

过程分析
解题思路：项目包括 输入与输出（文件读写、命令行），生成不重复终局，解数独三个部分。

　　（1）输入与输出

　　　　　　文件读写和命令行

　　（2）生成不重复终局

　　　　　　先随便写了一个数独终局

　　　　　　1 2 3  4 5 6  7 8 9

　　　　　　4 5 6  7 8 9  1 2 3

　　　　　　7 8 9  1 2 3  4 5 6

 

　　　　　　2 3 4  5 6 7  8 9 1

　　　　　　5 6 7  8 9 1  2 3 4  

　　　　　　8 9 1  2 3 4  5 6 7

 

　　　　　　3 4 5  6 7 8  9 1 2

　　　　　　6 7 8  9 1 2  3 4 5

　　　　　　9 1 2  3 4 5  6 7 8

　　　　　　只需要生成一定数量的数独终局从简单的入手就好，上图第一行是随手写，后8行都可以看做根据第一行左移得到，第一行全排列有8！=40320种，然后交换2-3（因为数据只要求1e6，可以不　考虑），4-6,7-9行，再乘3!×3!，结果略大于1e6。

　　（3）解数独

　　　　　　用dfs写